1.000000119 -0.000000022 -0.000000001 -0.000000089 -0.000000022 1.000000000 0.000000000 0.000000000 -0.000000001 0.000000000 1.000000000 0.000000000
0.999175549 0.017683044 -0.036545195 -0.016445177 -0.017250855 0.999777913 0.012108549 -0.038370974 0.036751192 -0.011468142 0.999258578 -0.004791727
0.996772468 0.035620887 -0.071944088 -0.034345590 -0.034719314 0.999302506 0.013743788 -0.071347728 0.072383463 -0.011201589 0.997313976 -0.006647100
0.993969798 0.048416901 -0.098386139 -0.053003252 -0.047514241 0.998804390 0.011498361 -0.097509883 0.098825224 -0.006754293 0.995081842 -0.001350149
0.991512418 0.057539377 -0.116586305 -0.074481331 -0.057204966 0.998343050 0.006215408 -0.119374655 0.116750747 0.000506654 0.993161142 0.007615228
0.989074945 0.069215611 -0.130154476 -0.095481530 -0.069512233 0.997578502 0.002268194 -0.137932420 0.129996270 0.006803907 0.991491199 0.020033421
0.987417936 0.071317226 -0.141137302 -0.118628323 -0.072131760 0.997394860 -0.000657037 -0.162133992 0.140722752 0.010829247 0.989989877 0.031724449
0.986349881 0.067281820 -0.150289953 -0.143508598 -0.069503523 0.997535765 -0.009573186 -0.191794649 0.149275482 0.019888185 0.988595724 0.043535650
0.985656679 0.073199056 -0.152062505 -0.171108633 -0.078319997 0.996536195 -0.027955940 -0.224293739 0.149489492 0.039464507 0.987975419 0.054950565
0.985106945 0.087136202 -0.148227766 -0.200564757 -0.094237819 0.994681537 -0.041567937 -0.257852882 0.143817365 0.054917537 0.988079309 0.063430950
0.984488606 0.102672428 -0.142270535 -0.233419031 -0.108001165 0.993691027 -0.030232739 -0.301357061 0.138268888 0.045129173 0.989365995 0.063057818
0.984647453 0.103871256 -0.140286356 -0.270504028 -0.107624635 0.994001925 -0.019418113 -0.356930375 0.137427941 0.034218263 0.989920616 0.055459168
0.984854579 0.090055391 -0.148160055 -0.317871541 -0.092922822 0.995594382 -0.012532424 -0.424541324 0.146378681 0.026110070 0.988883972 0.042269941
0.982403398 0.086023398 -0.165781647 -0.366503924 -0.088984594 0.995977640 -0.010504060 -0.489246637 0.164211184 0.025071230 0.986106515 0.026947476
0.979967713 0.083734423 -0.180698752 -0.421291173 -0.086893439 0.996171176 -0.009623416 -0.550900936 0.179201066 0.025132170 0.983491302 0.014410265
0.976133108 0.083208255 -0.200600654 -0.473172545 -0.087262593 0.996119738 -0.011438348 -0.588489592 0.198870465 0.028670287 0.979606271 0.006153710
0.969152868 0.089478366 -0.229643807 -0.537717283 -0.093342274 0.995616019 -0.005995440 -0.639082313 0.228100568 0.027245974 0.973256409 -0.005381167
0.958040595 0.105123758 -0.266659647 -0.623571098 -0.106034376 0.994301319 0.011023402 -0.699142575 0.266298831 0.017714221 0.963727832 -0.018825009
0.952309012 0.119332157 -0.280833423 -0.684078813 -0.110114768 0.992737949 0.048435286 -0.724644542 0.284573913 -0.015201462 0.958533525 -0.017430067
0.948195636 0.115861975 -0.295805633 -0.741765440 -0.095906235 0.992076516 0.081154771 -0.744725525 0.302864522 -0.048581012 0.951794624 -0.016179442
0.941359401 0.106575266 -0.320131481 -0.777396142 -0.079930127 0.992235541 0.095288180 -0.760255873 0.327801138 -0.064112298 0.942568779 0.013507709
0.921361387 0.124987110 -0.368064612 -0.746328115 -0.062890060 0.982351124 0.176155970 -0.972291768 0.383585930 -0.139155716 0.912960768 0.074939251
0.920189917 0.119027175 -0.372938722 -0.804236412 -0.065527081 0.986047268 0.153025448 -0.998113692 0.385949403 -0.116374865 0.915150225 0.099148557
0.918135643 0.115101144 -0.379182011 -0.847750545 -0.062846363 0.987070322 0.147452876 -1.018214583 0.391251355 -0.111551531 0.913497984 0.130191207
0.919056833 0.126325920 -0.373331487 -0.915196955 -0.077087604 0.986562550 0.144055814 -1.021851301 0.386512727 -0.103616297 0.916445076 0.185047150
0.920159876 0.139332473 -0.365912974 -0.952716827 -0.101233751 0.987425387 0.121420205 -1.027999401 0.378229499 -0.074683286 0.922694325 0.223984614
0.921104789 0.142686069 -0.362224758 -0.983238459 -0.114787787 0.988591135 0.097526841 -1.033297420 0.372007847 -0.048253499 0.926974535 0.259487748
0.922245324 0.146018162 -0.357969731 -1.013486385 -0.122454889 0.988585711 0.087767340 -1.040665627 0.366699368 -0.037107881 0.929599226 0.292219877
0.922757685 0.150932550 -0.354595244 -1.041836858 -0.129727080 0.988071084 0.082983412 -1.045416236 0.362890244 -0.030572984 0.931330323 0.319887817
0.921000361 0.149276838 -0.359826326 -1.066932917 -0.129052073 0.988426626 0.079739206 -1.047917604 0.367565125 -0.027003519 0.929605782 0.341851234
0.915772855 0.136445135 -0.377813160 -1.103067994 -0.108324677 0.989583492 0.094816938 -1.051314831 0.386814952 -0.045904275 0.921014071 0.365126550
0.912421882 0.127130643 -0.389003783 -1.121946096 -0.092837512 0.990043879 0.105803490 -1.053988099 0.398581684 -0.060423262 0.915140271 0.376888514
0.910096228 0.098711550 -0.402468503 -1.137022972 -0.063966766 0.993038297 0.098910674 -1.038561821 0.409430236 -0.064273641 0.910074592 0.379754037
0.905457854 0.068790816 -0.418824494 -1.138247728 -0.033573307 0.995294690 0.090892285 -1.039353013 0.423106313 -0.068237826 0.903506875 0.387425989
0.903983533 0.047004618 -0.424975902 -1.138592958 -0.014514575 0.996739507 0.079370230 -1.028350949 0.427321017 -0.065581024 0.901718259 0.392431825
0.900906920 0.027756164 -0.433123946 -1.063719392 0.004904029 0.997238159 0.074107185 -1.007566810 0.433984667 -0.068887711 0.898282647 0.414480895
0.925475299 0.013637550 -0.378562510 -1.070633888 0.020172769 0.996159315 0.085202888 -1.001031876 0.378270477 -0.086489834 0.921645761 0.417977750
0.944842100 -0.000557549 -0.327525645 -1.030090690 0.027722508 0.996546030 0.078277253 -0.967452884 0.326350808 -0.083039485 0.941594124 0.435222715
0.968837202 -0.006475380 -0.247613639 -1.003129482 0.016311355 0.999156356 0.037692357 -0.912515581 0.247160599 -0.040556684 0.968125403 0.430590749
0.978895605 -0.000324926 -0.204360783 -0.919766188 0.009227423 0.999049127 0.042611275 -0.912267685 0.204152584 -0.043597728 0.977967799 0.433793187
0.984729588 -0.008034053 -0.173905209 -0.832788110 0.018375920 0.998150945 0.057940327 -0.912270606 0.173118114 -0.060251243 0.983056426 0.423295707
0.986274838 -0.036080144 -0.161121190 -0.735196590 0.048986405 0.995837569 0.076862007 -0.933072925 0.157677352 -0.083699837 0.983937025 0.405199140
0.984202504 -0.069574982 -0.162802875 -0.540115714 0.087975614 0.990175486 0.108685978 -1.007159948 0.153641552 -0.121291675 0.980654180 0.376203954
0.986769021 -0.059703201 -0.150739819 -0.409804702 0.077996269 0.989884079 0.118516065 -1.058714032 0.142139167 -0.128705084 0.981443524 0.350149333
0.990313351 -0.031734101 -0.135175228 -0.268937349 0.048550963 0.991219580 0.122990273 -1.101414442 0.130085349 -0.128361791 0.983158708 0.328842998
0.991654694 -0.006230595 -0.128771812 -0.105056852 0.022125257 0.992237270 0.122374848 -1.124240041 0.127009720 -0.124202691 0.984094620 0.311277449
0.992732763 0.027924970 -0.117054909 0.041715093 -0.013058613 0.991957545 0.125895500 -1.157156706 0.119629122 -0.123452008 0.985113442 0.306080520
0.992534697 0.058562886 -0.106982432 0.193713561 -0.045027047 0.991156578 0.124825142 -1.159116745 0.113346443 -0.119076185 0.986394227 0.296385616
0.991945624 0.077910401 -0.099868879 0.427945763 -0.065136097 0.989973068 0.125341833 -1.149303317 0.108632922 -0.117827199 0.987074316 0.289503455
0.993483424 0.080065832 -0.081117384 0.574492097 -0.069060281 0.989051342 0.130415604 -1.142503142 0.090671085 -0.123963781 0.988135397 0.299094439
0.996314228 0.061578073 -0.059719451 0.799690127 -0.052463651 0.988226831 0.143719181 -1.160624266 0.067866333 -0.140056342 0.987814963 0.300775886
0.998833418 0.046190977 -0.014076803 0.938896716 -0.043450132 0.986905277 0.155338496 -1.139909506 0.021067705 -0.154545650 0.987761021 0.313849062
0.998601317 0.002278100 0.052824434 1.126633406 -0.012095761 0.982420146 0.186292037 -1.135167480 -0.051471379 -0.186670437 0.981073260 0.346323311
0.990877628 -0.022848329 0.132814392 1.324406266 -0.005106627 0.978449583 0.206423104 -1.094287276 -0.134668574 -0.205218241 0.969406962 0.384226561
0.980690300 -0.024221916 0.194061473 1.528028131 -0.013902459 0.981155336 0.192719623 -0.936985254 -0.195072472 -0.191696227 0.961872816 0.392921329
0.973000646 -0.042616393 0.226833791 1.768369555 0.002464793 0.984667897 0.174421683 -0.782214582 -0.230789185 -0.169153318 0.958187580 0.366895854
0.973125458 0.044645913 0.225905880 2.054310560 -0.043622315 0.999002695 -0.009523570 -0.196714580 -0.226105824 -0.000586941 0.974102557 0.284093142
0.965079010 0.054034557 0.256325424 2.336594820 -0.039652243 0.997352839 -0.060953472 0.014590938 -0.258940399 0.048661061 0.964666665 0.323973894
0.946612775 0.096195281 0.307686388 2.564731359 -0.058842771 0.989965975 -0.128471002 0.276877165 -0.316957414 0.103507161 0.942774713 0.390934765
0.964732349 0.117100112 0.235752404 3.026986122 -0.072370335 0.979080558 -0.190167755 0.444875658 -0.253089249 0.166399509 0.953025162 0.192222953
0.988150656 0.095286645 0.120328240 3.592972994 -0.064230144 0.968729675 -0.239660680 0.554008007 -0.139402002 0.229092151 0.963371038 0.004925758
0.999031842 0.041056845 -0.015806219 4.173250198 -0.043673102 0.968857884 -0.243735328 0.560173631 0.005306964 0.244189665 0.969712853 -0.130305335
0.994514406 0.044535309 -0.094645128 4.516558647 -0.063799664 0.975300550 -0.211467430 0.453148901 0.082889676 0.216345757 0.972791731 -0.167002678
0.991649806 0.071547486 -0.107292466 4.602640629 -0.093564622 0.971726537 -0.216779143 0.405487388 0.088748917 0.225007787 0.970306695 -0.055651128
0.989526808 0.107989296 -0.095786169 4.641020298 -0.128146157 0.962639391 -0.238545045 0.327441812 0.066447221 0.248321354 0.966396093 0.062081486
0.983751059 0.141710207 -0.110236883 4.765105724 -0.167660013 0.944729507 -0.281737924 0.198359787 0.064218871 0.295642316 0.953137755 0.273356050
0.983105123 0.139240026 -0.118813455 4.795620441 -0.170778826 0.931336343 -0.321632147 0.121720381 0.065871224 0.336489052 0.939380765 0.378939748
0.981502712 0.141973644 -0.128436401 4.804699421 -0.179817379 0.913909018 -0.363918066 0.049227819 0.065712400 0.380281717 0.922533333 0.478985965
0.976390183 0.172179893 -0.130446434 4.798122406 -0.211769104 0.882094562 -0.420788825 -0.056568623 0.042614717 0.438478589 0.897730827 0.605300665
0.974216580 0.182124227 -0.133164868 4.775934696 -0.223856330 0.853843510 -0.469935805 -0.118326277 0.028115258 0.487628967 0.872598112 0.673376560
0.975154459 0.169870794 -0.142188355 4.711237431 -0.220348999 0.809866250 -0.543656945 -0.189422518 0.022802137 0.561480582 0.827175617 0.730850101
0.973662198 0.175569311 -0.145455152 4.648189068 -0.227979243 0.757257462 -0.612034678 -0.224923253 0.002692492 0.629075885 0.777339220 0.781512916
0.976610363 0.198005557 -0.083821595 4.403789520 -0.206227109 0.752256989 -0.625763416 -0.332771480 -0.060849279 0.628413320 0.775496006 0.710475862
0.950920939 0.252089083 -0.179444849 4.545588017 -0.304881752 0.664191604 -0.682566166 -0.345145077 -0.052881669 0.703775942 0.708451152 0.802729964
0.946550727 0.306775391 -0.099652968 4.249629974 -0.289451063 0.671518385 -0.682115197 -0.439948946 -0.142337322 0.674501240 0.724422634 0.702443123
0.945194781 0.325309485 -0.027938945 3.980844736 -0.238966525 0.630930185 -0.738120615 -0.315880537 -0.222490132 0.704344213 0.674090028 0.713099837
0.944703698 0.327837676 -0.007572288 3.860548019 -0.207489222 0.579704702 -0.787965953 -0.155134439 -0.253935307 0.745965600 0.615672112 0.798131585
0.942405581 0.333760560 0.021807775 3.758814335 -0.189068913 0.585369229 -0.788413525 -0.014533699 -0.275906891 0.738882124 0.614758909 0.767375588
0.945719302 0.321944565 0.044347316 3.722882271 -0.167524099 0.599874437 -0.782359481 0.067358345 -0.278479218 0.732463241 0.621246278 0.743028045
0.945535719 0.312240571 0.092022210 3.659063101 -0.116705418 0.589068711 -0.799611092 0.193103462 -0.303878427 0.745321333 0.593425632 0.714452624
0.935498893 0.329356492 0.127930254 3.633061647 -0.081689239 0.553871870 -0.828584850 0.279957533 -0.343756735 0.764689684 0.545051396 0.707909882
0.920476675 0.341715187 0.189613953 3.615630388 -0.021533890 0.528810561 -0.848466635 0.429425716 -0.390203804 0.776910663 0.494116247 0.674967468
0.910967171 0.328260154 0.249768153 3.599407434 0.033973549 0.543760598 -0.838552475 0.538990617 -0.411077380 0.772379339 0.484195888 0.648852050
0.895392418 0.304714590 0.324686676 3.581127167 0.099447623 0.573911130 -0.812856853 0.657578349 -0.434030592 0.760115147 0.483572513 0.624108732
0.888206482 0.262555629 0.377032876 3.729036808 0.160181776 0.592175066 -0.789728045 0.913550556 -0.430617034 0.761835337 0.483917147 0.510744691
0.858759165 0.234296471 0.455673188 3.725946188 0.244244054 0.594596267 -0.766028762 1.046278596 -0.450419426 0.769129515 0.453389585 0.501922727
0.819659412 0.201138973 0.536378086 3.707631111 0.333634853 0.593521118 -0.732407331 1.161245346 -0.465667337 0.779278994 0.419378251 0.496827304
0.754902005 0.143780097 0.639882982 3.700823307 0.445757002 0.603182971 -0.661415756 1.351987481 -0.481065035 0.784536421 0.391253144 0.485481858
0.712590575 0.121250056 0.691023231 3.703132629 0.501113117 0.601381838 -0.622274399 1.493186474 -0.491019666 0.789707780 0.367778987 0.497557402
0.674944103 0.078812324 0.733647764 3.690284252 0.564280868 0.585516572 -0.582028747 1.666305900 -0.475433797 0.806820333 0.350718677 0.504024982
0.660545349 0.066955283 0.747794747 3.675704479 0.593549967 0.563359320 -0.574738741 1.774759293 -0.459758967 0.823494494 0.332383096 0.500164628
0.649992526 0.068509512 0.756846309 3.653203011 0.605043888 0.555951953 -0.569946766 1.927336574 -0.459816873 0.828386307 0.319913328 0.449070156
0.658912420 0.045429967 0.750846624 3.655939102 0.596883118 0.575888038 -0.558644354 2.059984207 -0.457782805 0.816265225 0.352343380 0.398504913
0.668205619 0.015440084 0.743816495 3.654012203 0.596619606 0.586164355 -0.548139155 2.152820110 -0.444461972 0.810045004 0.382466376 0.370708585
0.685103536 -0.026124723 0.727976978 3.657278776 0.597186387 0.592411280 -0.540756166 2.242629290 -0.417134672 0.805211961 0.421464443 0.236056209
0.656356514 -0.007868569 0.754409850 3.536577940 0.598736167 0.613832593 -0.514513969 2.325855255 -0.459032774 0.789397061 0.407604247 0.101744294
0.643665671 -0.010920134 0.765228808 3.600591183 0.585469544 0.650975645 -0.483173072 2.403578281 -0.492868990 0.759020150 0.425404131 0.004000604
0.644797623 -0.033323184 0.763626695 3.673057079 0.595465243 0.648272276 -0.474514723 2.445521832 -0.479225636 0.760679007 0.437847197 -0.043461680
0.652491093 -0.020261204 0.757525563 3.771880388 0.593645990 0.634981751 -0.494350761 2.576592445 -0.470998675 0.772261381 0.426347911 -0.093294382
0.670912504 -0.026293209 0.741070211 3.983354330 0.597638190 0.610789597 -0.519388676 2.689965010 -0.438981533 0.791356266 0.425500333 -0.136650324
0.668311775 -0.007802079 0.743840456 4.142511845 0.594431520 0.606773198 -0.527709544 2.686981678 -0.447225183 0.794836640 0.410151601 -0.220999360
0.673301876 -0.007835899 0.739326119 4.236107826 0.608267307 0.574334800 -0.547859728 2.677112341 -0.420327812 0.818582952 0.391467035 -0.278874695
0.661151648 0.025528317 0.749817908 4.409525871 0.614155948 0.555617034 -0.560448170 2.663344622 -0.430918872 0.831046402 0.351668775 -0.356646717
0.600227833 0.048698459 0.798345029 4.409373760 0.662015617 0.529886425 -0.530052602 2.526743889 -0.448844939 0.846669257 0.285813451 -0.293376088
0.619421303 0.081509091 0.780815959 4.622536182 0.641797602 0.520218313 -0.563443542 2.661616802 -0.452120572 0.850134790 0.269921958 -0.379958391
0.599226415 0.125704154 0.790649176 4.763790131 0.625781238 0.542422771 -0.560513496 2.645080328 -0.499325007 0.830648005 0.246370763 -0.440988839
0.562551379 0.194340140 0.803596973 4.941060543 0.606972694 0.562875271 -0.561030746 2.565519810 -0.561355710 0.803369939 0.198687077 -0.510486364
0.522527099 0.237211242 0.818960547 4.997834206 0.584962070 0.599071026 -0.546747863 2.464712858 -0.620310247 0.764751434 0.174271271 -0.612974823
0.482639194 0.231482908 0.844674587 4.984917164 0.585855603 0.631568074 -0.507833600 2.306686401 -0.651024282 0.739957690 0.169203967 -0.759964466
0.396008492 0.253339797 0.882607698 4.921472073 0.620349348 0.634859085 -0.460565537 2.156689167 -0.677011073 0.729912937 0.094250411 -0.714143515
0.591109514 0.142154723 0.793965638 5.243722916 0.525579453 0.678800881 -0.512830675 2.216083288 -0.611845911 0.720431387 0.326532125 -1.363712668
0.517034769 0.131601661 0.845787227 5.167130470 0.584840000 0.667186737 -0.461328238 2.044650555 -0.625009716 0.733173072 0.267992824 -1.305562735
0.448387772 0.183547750 0.874790490 5.200916290 0.634298801 0.624215484 -0.456092149 1.998372793 -0.629772544 0.759384811 0.163466439 -1.155920982
0.397663295 0.232447401 0.887598991 5.277910709 0.679778934 0.575089693 -0.455161840 1.977286816 -0.616250217 0.784372389 0.070679232 -1.030705929
0.296666563 0.318231076 0.900398791 5.317254066 0.736766517 0.523597598 -0.427809298 1.885332227 -0.607588947 0.790300310 -0.079128169 -0.765932083
0.304275215 0.322571993 0.896305680 5.373511314 0.743006825 0.508452237 -0.435220927 1.876454592 -0.596118748 0.798388183 -0.084963851 -0.770560026
0.306497216 0.327869177 0.893622577 5.401996136 0.749592006 0.495471209 -0.438885093 1.875224948 -0.586661100 0.804369330 -0.093907617 -0.774168968
0.293987304 0.335203469 0.895103335 5.439825058 0.749395311 0.500448048 -0.433541745 1.889566422 -0.593277335 0.798242033 -0.104074568 -0.776171923
0.281110525 0.345239222 0.895425439 5.456951618 0.746126413 0.508179963 -0.430172682 1.905277848 -0.603549838 0.789026618 -0.114737406 -0.778064489
0.255372465 0.382832140 0.887820065 5.469461441 0.739464998 0.514246225 -0.434444964 1.938928127 -0.622877657 0.767456949 -0.151766658 -0.773896396
0.212736726 0.404450893 0.889473081 5.468670845 0.736980140 0.531286657 -0.417845279 1.967963457 -0.641563058 0.744415045 -0.185048148 -0.764026046
0.193350568 0.405930728 0.893216550 5.546304703 0.731612027 0.546945274 -0.406933278 2.045786619 -0.653727293 0.732168734 -0.191231593 -0.810167074
0.131505325 0.388135493 0.912171841 5.521134853 0.752213836 0.560249925 -0.346834868 2.081854820 -0.645663083 0.731758714 -0.218285039 -0.772067249
0.967611253 0.003173289 0.252425373 7.316452026 0.196232572 0.619592249 -0.759998798 2.575197697 -0.158812523 0.784917474 0.598901689 -1.861233234
0.941771030 -0.057826236 0.331245393 7.297584534 0.292209387 0.628163218 -0.721127212 2.655259132 -0.166376114 0.775929809 0.608483374 -1.838904142
0.903514683 -0.122179978 0.410771787 7.264275551 0.391807735 0.623839974 -0.676247239 2.747608185 -0.173632085 0.771942794 0.611519635 -1.804420590
0.854393721 -0.187229440 0.484723270 7.224438667 0.483084321 0.629835844 -0.608223855 2.796592712 -0.191418692 0.753824830 0.628575385 -1.816275239
0.810765982 -0.218631700 0.543008745 7.178833008 0.545951903 0.617071569 -0.566708982 2.888406754 -0.211174697 0.755925119 0.619663179 -1.793401003
0.774188936 -0.221282884 0.593013883 7.117478848 0.586980462 0.601545453 -0.541845798 3.026031494 -0.236823604 0.767578483 0.595598578 -1.799177408
0.757444501 -0.205289081 0.619785726 7.118487358 0.609649599 0.562139034 -0.558862329 3.189085722 -0.233677402 0.801159203 0.550943434 -1.723442078
0.539295495 -0.232700452 0.809327483 6.469651222 0.740873873 0.587985218 -0.324621916 2.536889076 -0.400332838 0.774676621 0.489499420 -1.492318988
0.527469099 -0.252241582 0.811264932 6.339531898 0.744777620 0.596726537 -0.298703730 2.619699955 -0.408757657 0.761768818 0.502618611 -1.566489100
0.504394233 -0.266860545 0.821201503 6.244431496 0.755398870 0.597076297 -0.269949198 2.669294596 -0.418281019 0.756495595 0.502747834 -1.614282131
0.476946652 -0.282827169 0.832184315 6.155587196 0.768945277 0.592877209 -0.239206716 2.732985020 -0.425728858 0.753993094 0.500249326 -1.652965546
0.437342197 -0.328176618 0.837276518 6.014454842 0.802428484 0.562742472 -0.198568657 2.790521145 -0.406005502 0.758696914 0.509449244 -1.761330247
0.403675854 -0.361853749 0.840302169 5.829323769 0.843870640 0.502089381 -0.189178735 2.904962063 -0.353451759 0.785473228 0.508039117 -1.840136290
0.412471563 -0.365031570 0.834637165 5.699259281 0.840863347 0.505025804 -0.194673702 3.010806084 -0.350451231 0.782113135 0.515250385 -1.914713144
0.456825614 -0.342082679 0.821151555 5.578039169 0.807516277 0.546676397 -0.221500695 3.125956059 -0.373132616 0.764280379 0.525973022 -1.987646699
0.507540226 -0.318199217 0.800719976 5.493947506 0.769952178 0.584623218 -0.255713731 3.207466125 -0.386751622 0.746300876 0.541717768 -2.041137934
0.556421876 -0.280940384 0.781963766 5.417565346 0.730057299 0.614674509 -0.298649460 3.311492920 -0.396750540 0.737053454 0.547120869 -2.045417309
0.598441362 -0.267474651 0.755198777 5.243220806 0.691272974 0.648874640 -0.317967683 3.365554333 -0.404980928 0.712333500 0.573211372 -2.132968426
0.626310349 -0.278651774 0.728071749 5.064441204 0.667394280 0.674319863 -0.316034108 3.337865114 -0.402889788 0.683846414 0.608304203 -2.251064777
0.674182117 -0.258155167 0.691978574 4.859009743 0.631024301 0.688190222 -0.358053625 3.392182589 -0.383779466 0.678048670 0.626867771 -2.321746111
0.742290139 -0.266120583 0.614967644 4.742805481 0.581232309 0.712381840 -0.393295169 3.465748787 -0.333427727 0.649378240 0.683471918 -2.512027264
0.807268918 -0.255434304 0.532043457 4.639159203 0.511591911 0.752340674 -0.415038794 3.511180878 -0.294262826 0.607237041 0.738019347 -2.544053078
0.878477335 -0.244946644 0.410217822 4.589457512 0.415475518 0.815586746 -0.402738571 3.494146347 -0.235918730 0.524232149 0.818243861 -2.758533478
0.919997454 -0.192218676 0.341550559 4.497766495 0.333771944 0.841046870 -0.425718665 3.510792494 -0.205428958 0.505660057 0.837918222 -2.793016434
0.960938871 -0.155027628 0.229266137 4.371011734 0.239387006 0.881302416 -0.407430887 3.474129200 -0.138889775 0.446399540 0.883989334 -3.129848719
0.981919169 -0.105697833 0.157044381 4.293895245 0.163954914 0.889537454 -0.426429391 3.471312046 -0.094624214 0.444467276 0.890783548 -3.148952484
0.993580520 -0.070178092 0.088728033 4.213498116 0.101866074 0.896147192 -0.431906879 3.458176613 -0.049202949 0.438172609 0.897543252 -3.156921625
0.999750197 -0.022289913 -0.001590937 4.140112877 0.019599101 0.908808887 -0.416752040 3.449808598 0.010735241 0.416616887 0.909018815 -3.177495003
0.997059464 0.016966974 -0.074728645 4.058527946 -0.046341807 0.910157979 -0.411661029 3.416504383 0.061030246 0.413913727 0.908268034 -3.166996479
0.980324030 0.072954953 -0.183418646 4.013575554 -0.141987801 0.906121373 -0.398476720 3.396315098 0.137128726 0.416679591 0.898651183 -3.183653355
0.957035601 0.101559132 -0.271603912 3.980660915 -0.208619684 0.891704798 -0.401672035 3.367752075 0.201397032 0.441076308 0.874580383 -3.182765722
0.926823735 0.122109577 -0.355087757 3.954936981 -0.273214877 0.868006706 -0.414629996 3.334673405 0.257588238 0.481304079 0.837851167 -3.175431252
0.898326218 0.109053321 -0.425578982 3.928997517 -0.321961164 0.822514892 -0.468839377 3.363338470 0.298916489 0.558190525 0.773997545 -3.174990177
0.868731856 0.087782972 -0.487441391 3.923250198 -0.351720572 0.802254856 -0.482368857 3.303647757 0.348708421 0.590492368 0.727819443 -3.139822960
0.848821223 0.087955490 -0.521312177 3.896852016 -0.374353349 0.796275139 -0.475189805 3.234379530 0.373312384 0.598506093 0.708821774 -3.176699162
0.851072669 0.086516365 -0.517870784 3.774968147 -0.368057162 0.801722050 -0.470930755 3.171304703 0.374445289 0.591402352 0.714166582 -3.156254292
0.854276419 0.074025951 -0.514521182 3.637458801 -0.353091836 0.809054196 -0.469848454 3.112875462 0.381494433 0.583053648 0.717293739 -3.110878944
0.857780993 0.061706278 -0.510298193 3.500752449 -0.339083105 0.814045668 -0.471542448 3.055015564 0.386308879 0.577513576 0.719196379 -3.060102940
0.865622401 0.049745742 -0.498219907 3.293782234 -0.320797890 0.819092274 -0.475580215 2.970238686 0.384429872 0.571500897 0.724982977 -3.002342224
0.868283451 0.039610837 -0.494484514 3.153055906 -0.312066972 0.818473399 -0.482405931 2.922104597 0.385613978 0.573177338 0.723028064 -2.957654953
0.866178155 0.046752028 -0.497543752 3.001314163 -0.318489045 0.818867624 -0.477514863 2.831342220 0.385097772 0.572075188 0.724175215 -2.964404106
0.858089805 0.047530081 -0.511295319 2.870364189 -0.334018141 0.807932436 -0.485466063 2.778604269 0.390017658 0.587355435 0.709154367 -3.001212120
0.848392129 0.035250522 -0.528193414 2.741006851 -0.346943527 0.790638685 -0.504500449 2.726928711 0.399826050 0.611267507 0.683001578 -2.961972237
0.837350428 0.006105117 -0.546632409 2.614381790 -0.339680165 0.789282024 -0.511518538 2.692554474 0.428324372 0.614000440 0.662979424 -2.920216322
0.833302259 -0.038913667 -0.551446378 2.426500082 -0.316861153 0.783779562 -0.534124076 2.750398636 0.452997267 0.619818568 0.640795052 -2.879647493
0.823822737 -0.082375892 -0.560830116 2.275421619 -0.285680711 0.794208825 -0.536301196 2.745635033 0.489594460 0.602035403 0.630753994 -2.810807228
0.830892563 -0.113780282 -0.544675767 2.067589283 -0.241956100 0.807603836 -0.537804127 2.691566706 0.501073718 0.578645170 0.643502057 -2.766288042
0.837642908 -0.201996624 -0.507495463 1.853350401 -0.116850145 0.841331244 -0.527738214 2.452420235 0.533573210 0.501357019 0.681131899 -2.702322960
0.811939895 -0.282541722 -0.510806799 1.773909092 -0.084113389 0.809297323 -0.581345618 2.422768354 0.577648938 0.514983416 0.633335292 -2.462378502
0.819253802 -0.374835968 -0.433959991 1.644616961 0.022859231 0.777524352 -0.628437161 2.396836519 0.572975397 0.504929543 0.645558238 -2.290830612
0.849839330 -0.378968716 -0.366273075 1.635969162 0.078665644 0.778383553 -0.622840822 2.329344511 0.521138191 0.500501454 0.691312790 -2.252844810
0.873973966 -0.383149713 -0.298941046 1.651926875 0.133050054 0.780286968 -0.611105442 2.251270771 0.467404723 0.494316131 0.732928634 -2.220234394
0.893073261 -0.388611138 -0.226718932 1.688306570 0.182944506 0.774044871 -0.606123567 2.172362328 0.411037028 0.499835730 0.762373149 -2.190770626
0.906860352 -0.393771738 -0.150160760 1.740548134 0.235606894 0.769143641 -0.594060123 2.073436737 0.349419236 0.503350616 0.790281177 -2.163165808
0.901740909 -0.430106372 -0.043266237 1.819038868 0.329963177 0.749515593 -0.573890865 1.964163542 0.279262811 0.503224552 0.817788064 -2.101763487
0.863343775 -0.502493680 -0.046233296 2.136646748 0.398907393 0.735729456 -0.547334373 1.879473329 0.309047341 0.454095066 0.835635900 -2.010684252
0.834829569 -0.550471127 0.006397165 2.202497721 0.471762151 0.709376037 -0.523665965 1.826712966 0.283725053 0.440189868 0.851899564 -1.946437955
0.806584120 -0.581502736 0.106191650 2.170662642 0.567347646 0.711120605 -0.415239990 1.586591005 0.165948123 0.395173550 0.903492689 -1.933853149
0.786589742 -0.591940582 0.175735429 2.248502731 0.608909130 0.696355224 -0.379893422 1.549422622 0.102500089 0.405827165 0.908183932 -1.853393793
0.729806423 -0.624789953 0.277525246 2.363943100 0.683606744 0.662156105 -0.306970716 1.420433521 0.008027149 0.413747311 0.910356343 -1.727271557
0.653441072 -0.665279627 0.361134231 2.552531958 0.754753649 0.609139383 -0.243508011 1.378478050 -0.057980187 0.431685507 0.900158823 -1.635554075
0.578707218 -0.678860486 0.451936215 2.772422791 0.803691268 0.568827391 -0.174687356 1.365228176 -0.138485357 0.464310080 0.874778807 -1.545205832
0.532455862 -0.663182735 0.526003122 2.921872377 0.817319453 0.564451277 -0.115687877 1.354071498 -0.220180899 0.491511285 0.842577636 -1.489340663
0.490007997 -0.639720261 0.592157245 3.086349249 0.824930310 0.559853911 -0.077804573 1.385603786 -0.281748384 0.526613355 0.802057505 -1.433894157
0.400876492 -0.609580219 0.683893204 3.315047264 0.845921934 0.532898664 -0.020859540 1.420903563 -0.351730138 0.586882234 0.729283929 -1.383086801
0.331362069 -0.573857009 0.748924077 3.464969397 0.850420177 0.525443852 0.026348015 1.490184903 -0.408637553 0.628169477 0.662131786 -1.311315179
0.141995266 -0.426378250 0.893330336 3.281011581 0.823858559 0.551181555 0.132121086 1.372192979 -0.548720717 0.717217267 0.429540485 -0.545165181
0.054719381 -0.387832880 0.920104086 3.445004225 0.800726354 0.567558229 0.191611513 1.555433750 -0.596525848 0.726266742 0.341604412 -0.543408871
-0.063779652 -0.361174434 0.930314541 3.594408751 0.777691841 0.566209197 0.273134768 1.637507677 -0.625401795 0.740918338 0.244769797 -0.600230694
-0.196920738 -0.343396932 0.918314040 3.698540211 0.752982616 0.546884239 0.365970939 1.709946275 -0.627884746 0.763541818 0.150879100 -0.661239505
-0.335322201 -0.313589185 0.888381004 3.766700029 0.732160032 0.506681442 0.455209345 1.801325083 -0.592874944 0.803078890 0.059695922 -0.735599756
-0.434790969 -0.300926834 0.848763704 3.792611122 0.704405427 0.473550260 0.528737307 1.846946716 -0.561043441 0.827763975 0.006079131 -0.776483119
-0.571778178 -0.282307714 0.770306468 3.779948473 0.650934756 0.415384769 0.635404885 1.905067801 -0.499353409 0.864729881 -0.053744085 -0.825588763
-0.655507922 -0.253735662 0.711285949 3.755881071 0.615720868 0.365779132 0.697920680 1.986524820 -0.437260896 0.895446241 -0.083540797 -0.884619474
-0.726280332 -0.204511464 0.656271219 3.668692350 0.573444188 0.346197695 0.742501676 2.271039963 -0.379049718 0.915599346 -0.134160638 -0.972848117
-0.795339882 -0.166936308 0.582723618 3.660276890 0.503026962 0.354637861 0.788159728 2.334545612 -0.338228256 0.919980586 -0.198084146 -1.018328428
-0.836087525 -0.133367375 0.532137990 3.490083218 0.448448330 0.392570257 0.802983642 2.399645805 -0.315993398 0.910000980 -0.268414706 -1.096841455
-0.873275042 -0.122757494 0.471509546 3.269361496 0.382517725 0.426662266 0.819536090 2.356202602 -0.301779538 0.896041155 -0.325636655 -1.256219149
-0.899683893 -0.096065223 0.425840944 2.973695040 0.332645863 0.480836481 0.811260104 2.419193745 -0.282693744 0.871531725 -0.400645196 -1.304767728
-0.890067577 -0.171572879 0.422305971 2.296208858 0.333526939 0.386372894 0.859927714 2.225357056 -0.310707837 0.906244278 -0.286673844 -1.880190849
-0.777254164 -0.266853958 0.569793582 1.541246772 0.474333376 0.346468866 0.809300363 2.856857538 -0.413380831 0.899304330 -0.142716616 -2.848316908
-0.668521106 -0.441016376 0.598818898 1.242655277 0.618248343 0.117953047 0.777081668 3.579956532 -0.413338304 0.889714360 0.193803489 -4.328255177
-0.908380032 -0.273996443 0.315866292 1.886233807 0.274715632 0.178438798 0.944823146 2.319517136 -0.315240949 0.945032060 -0.086819142 -1.886889696
-0.898009360 -0.310418099 0.311800867 1.710176706 0.280443043 0.142211512 0.949277341 2.372049809 -0.339014560 0.939902365 -0.040652648 -1.953617692
-0.878808320 -0.368297160 0.303402424 1.584297180 0.261295378 0.160606563 0.951803565 2.448425055 -0.399275035 0.915730655 -0.044908077 -1.984283924
-0.832746089 -0.479753882 0.276351422 1.503996015 0.175777406 0.244221151 0.953655243 2.375237703 -0.525010645 0.842729092 -0.119044334 -2.018919230
-0.780911863 -0.597175956 0.183186918 1.813936591 0.010666013 0.280476630 0.959801495 2.194567442 -0.624550104 0.751474380 -0.212658048 -1.973549604
-0.727174699 -0.663256168 0.176940799 1.895506144 -0.046511933 0.304775059 0.951287925 2.287952900 -0.684874773 0.683522701 -0.252474099 -2.009729147
-0.688146830 -0.688460827 0.229075566 1.757540941 -0.043898031 0.354643464 0.933970451 2.426637173 -0.724242330 0.632652819 -0.274268836 -2.071721792
-0.677300990 -0.686370552 0.264875114 1.729872227 -0.022456281 0.379147887 0.925063491 2.431647778 -0.735363185 0.620598316 -0.272210598 -2.180053234
-0.720800102 -0.639190793 0.268108606 1.886870265 -0.040511310 0.424988687 0.904291749 2.466096163 -0.691958070 0.640952110 -0.332226396 -1.889710784
-0.798684061 -0.432189554 0.418707430 1.584942102 0.107540131 0.582099080 0.805975020 2.835612059 -0.592063129 0.688747227 -0.418435633 -1.470903039
-0.891515493 -0.249353737 0.378183663 2.036783218 0.175310791 0.579883099 0.795614004 2.848071814 -0.417691618 0.775601923 -0.473260283 -1.048843861
-0.874069810 -0.154112190 0.460707605 1.968853831 0.418122113 0.244181469 0.874956727 2.384758234 -0.247337714 0.957405329 -0.148993969 -1.736371040
-0.748473108 -0.219096959 0.625926852 1.442995310 0.656988263 -0.116456240 0.744851887 2.496432066 -0.090301670 0.968728244 0.231108531 -2.834429502
-0.633791685 -0.292721391 0.715976477 1.077636003 0.771581948 -0.304463059 0.558537006 2.719660997 0.054492682 0.906430602 0.418824613 -3.555391312
-0.511011302 -0.395765603 0.763044596 0.879911542 0.828538895 -0.463164866 0.314644873 3.369472980 0.228889853 0.792999268 0.564589679 -4.313684940
-0.183342159 -0.507322192 0.842027187 0.968096733 0.871161401 -0.480716586 -0.099946469 5.173234463 0.455481499 0.715217113 0.530095160 -4.120868206
-0.840098321 -0.163396239 0.517239213 2.276407480 0.469038129 0.260152698 0.843992710 2.037475824 -0.272466421 0.951641798 -0.141914859 -1.596660733
-0.861523211 -0.145604879 0.486391813 2.545113564 0.450310171 0.223369181 0.864480674 1.896743894 -0.234517500 0.963797331 -0.126870379 -1.558605433
-0.857797146 -0.143320441 0.493602395 2.595451832 0.465198696 0.191899344 0.864155531 1.780040860 -0.218573093 0.970893323 -0.097938240 -1.610350370
-0.848324716 -0.113078155 0.517260492 2.611461163 0.496023238 0.172018215 0.851099610 1.758102655 -0.185219049 0.978582144 -0.089837909 -1.571453333
-0.825956583 -0.101251714 0.554566264 2.499688148 0.538415849 0.149813220 0.829255283 1.725172043 -0.167044848 0.983516157 -0.069223732 -1.662772655
-0.766361952 -0.055972025 0.639966011 2.228043079 0.623030066 0.178082094 0.761656225 1.960562825 -0.156597927 0.982422471 -0.101603121 -1.668488383
-0.727445960 -0.061986085 0.683359444 2.041862965 0.660840690 0.204778284 0.722049356 2.064529181 -0.184694231 0.976843655 -0.108002231 -1.752592564
-0.728656769 -0.082449123 0.679898024 2.031911612 0.649142981 0.233340442 0.723992705 2.062306166 -0.218340248 0.968893290 -0.116503865 -1.795452356
-0.740996361 -0.125716552 0.659636021 2.008536339 0.613337457 0.273219615 0.741058826 2.042668581 -0.273388863 0.953701317 -0.125348076 -1.788514018
-0.761894822 -0.175769269 0.623395205 2.060604572 0.560818672 0.302487612 0.770703316 1.994428754 -0.324035317 0.936806440 -0.131889060 -1.758303165
-0.753364086 -0.224071011 0.618251324 2.030351400 0.547599912 0.306800038 0.778465092 2.072413445 -0.364111006 0.925022185 -0.108430862 -1.794516563
-0.737327754 -0.297163635 0.606664300 1.999037147 0.536989748 0.287045628 0.793250680 2.069615602 -0.409865618 0.910658240 -0.052072868 -2.057056904
-0.782921374 -0.306622684 0.541310191 2.195960045 0.450113207 0.321454495 0.833105683 1.958685756 -0.429455668 0.895907104 -0.113658711 -1.864689350
-0.795966923 -0.337538809 0.502497911 2.279299736 0.423512816 0.282600999 0.860682011 1.903176665 -0.432519972 0.897888780 -0.081989020 -1.917966962
-0.801057160 -0.343360871 0.490316927 2.278426409 0.432183594 0.234978512 0.870633304 1.953271151 -0.414155334 0.909334004 -0.039836332 -1.943146110
-0.810035825 -0.340133250 0.477651954 2.268072605 0.433754027 0.200579226 0.878422081 1.988611698 -0.394587606 0.918736756 -0.014942229 -1.933166623
-0.813711286 -0.343992382 0.468554199 2.259820461 0.434210598 0.176182404 0.883414268 2.049415588 -0.386438757 0.922295511 0.006003529 -1.977784514
-0.820912123 -0.338312477 0.460052103 2.295057297 0.422326714 0.182584718 0.887864232 2.111697435 -0.384374052 0.923150897 -0.007007629 -2.021104813
-0.820700467 -0.325371057 0.469664186 2.292723417 0.408783555 0.239924118 0.880529642 2.247703791 -0.399182647 0.914641976 -0.063899532 -2.118767738
-0.818991125 -0.325766534 0.472366124 2.302863121 0.387659758 0.292808175 0.874061346 2.347192526 -0.423052579 0.898965776 -0.113520756 -2.149175167
-0.824287891 -0.316430569 0.469490379 2.326448202 0.379928768 0.305660665 0.873055339 2.437381268 -0.419766068 0.898021817 -0.131731331 -2.199347019
-0.836584032 -0.303941727 0.455792248 2.385375261 0.370397657 0.299200356 0.879365981 2.519366264 -0.403649211 0.904488027 -0.137726933 -2.245970011
-0.839630365 -0.293977439 0.456725538 2.383326769 0.375815094 0.292667210 0.879266083 2.602956057 -0.392152965 0.909902811 -0.135251135 -2.332406998
-0.847096026 -0.290715635 0.444873869 2.436581612 0.367080152 0.285250783 0.885372341 2.715818644 -0.384292185 0.913299680 -0.134918869 -2.448587894
-0.848130882 -0.304083377 0.433828712 2.475255013 0.353171468 0.285862029 0.890815854 2.791750908 -0.394897431 0.908744216 -0.135054842 -2.530324221
-0.844568789 -0.321665198 0.428059757 2.511242628 0.334678739 0.306908876 0.890952885 2.866024971 -0.417963713 0.895733476 -0.151551157 -2.622297287
-0.832133472 -0.298352093 0.467482537 2.491144180 0.340240657 0.391012669 0.855187297 3.034295321 -0.437938422 0.870686531 -0.223863214 -2.655235291
-0.848743498 -0.253199786 0.464245945 2.637936592 0.347537905 0.394602716 0.850591600 3.054147482 -0.398562372 0.883277178 -0.246919915 -2.809523106
-0.846146584 -0.243462041 0.474090993 2.675205231 0.380338490 0.347290814 0.857164979 3.021790266 -0.373334557 0.905602276 -0.201260895 -3.100677252
-0.833195746 -0.245638728 0.495425433 2.749998808 0.370912075 0.416232347 0.830165505 3.240386248 -0.410132915 0.875449717 -0.255692691 -2.914505005
-0.812028468 -0.267840445 0.518527865 2.789614201 0.380551487 0.430614710 0.818383455 3.298111916 -0.442481935 0.861877263 -0.247744367 -2.942004204
-0.769573450 -0.294593334 0.566543341 2.844072104 0.411296099 0.449993372 0.792679846 3.356479168 -0.488458991 0.843042493 -0.225137845 -2.977856159
-0.717783749 -0.308111340 0.624382854 2.899176121 0.455690593 0.470138937 0.755854130 3.385338783 -0.526433885 0.827065170 -0.197054639 -2.996422768
-0.676336646 -0.323766410 0.661622226 2.931380749 0.482118368 0.484512568 0.729937911 3.391116142 -0.556893647 0.812663972 -0.171599865 -2.999927044
-0.634938955 -0.353819281 0.686778367 2.964159727 0.506205261 0.481014460 0.715808153 3.387778521 -0.583617032 0.802145302 -0.126309648 -2.996263027
-0.591569066 -0.382416576 0.709791303 3.008431435 0.565277457 0.431011230 0.703342497 3.381285191 -0.574897885 0.817304671 -0.038801447 -2.968227625
-0.555207789 -0.405023724 0.726429582 3.054297447 0.590719342 0.422813058 0.687226057 3.371706247 -0.585486948 0.810669243 0.004506269 -2.911788464
-0.505362749 -0.425641298 0.750625074 3.105930328 0.609055877 0.440271348 0.659706056 3.364535809 -0.611276925 0.790563405 0.036742639 -2.839337349
-0.407154351 -0.471808493 0.782062709 3.143653631 0.642317712 0.460837841 0.612418473 3.313690662 -0.649348319 0.751681566 0.115418859 -2.831464291
-0.338821620 -0.469834208 0.815141559 3.223725557 0.694981873 0.459017724 0.553446412 3.260661840 -0.634192467 0.754028201 0.171001196 -2.763469219
-0.229527816 -0.484333664 0.844237983 3.285873890 0.769334078 0.441035688 0.462182462 3.185654879 -0.596189618 0.755584717 0.271384448 -2.814559698
-0.174528018 -0.473144203 0.863524497 3.457937241 0.774897933 0.475085646 0.416925430 3.057102203 -0.607513905 0.741908491 0.283722699 -2.626603603
-0.091697201 -0.466676831 0.879661560 3.580061674 0.787254989 0.506966174 0.351019681 2.977850914 -0.609771371 0.724705398 0.320906311 -2.535243511
0.006660029 -0.462201357 0.886749983 3.691882610 0.785677969 0.550986290 0.281290054 2.908890724 -0.618599772 0.694826543 0.366811037 -2.473391533
0.094565414 -0.460943878 0.882376432 3.820106506 0.783172488 0.581622601 0.219899654 2.769303083 -0.614571452 0.670258045 0.416000038 -2.390255928
0.192313522 -0.453724593 0.870143414 3.946784735 0.791804731 0.595545292 0.135539472 2.677053928 -0.579707384 0.662917614 0.473792732 -2.308151245
0.245618314 -0.458403677 0.854129672 4.082466602 0.819633961 0.568656862 0.069494449 2.545075178 -0.517563343 0.683004737 0.515395701 -2.211599827
0.302939475 -0.448055238 0.841114819 4.218848228 0.816956401 0.576555431 0.012888064 2.438342333 -0.490723908 0.683249772 0.540703058 -2.127978086
