1.000000000 0.000000000 -0.000000000 0.000000000 0.000000000 1.000000000 0.000000000 0.000000000 -0.000000000 0.000000000 1.000000000 -0.000000000
1.000000000 0.000080666 0.000145473 0.000023901 -0.000080670 1.000000000 0.000026553 -0.000122517 -0.000145471 -0.000026565 1.000000000 -0.000036869
0.999999702 0.000755826 0.000158263 -0.000590982 -0.000755842 0.999999702 0.000097185 -0.000430940 -0.000158189 -0.000097305 1.000000000 -0.000104137
1.000000000 0.000213347 -0.000055049 0.000214572 -0.000213349 1.000000000 -0.000022755 0.000183481 0.000055044 0.000022767 1.000000000 0.000243207
0.999999762 0.000708174 -0.000039506 -0.000413267 -0.000708161 0.999999702 0.000322276 -0.000391105 0.000039734 -0.000322248 0.999999940 0.000668142
0.999999881 0.000274032 -0.000383822 -0.000212696 -0.000274097 0.999999940 -0.000170776 -0.000422921 0.000383775 0.000170881 0.999999940 -0.000978308
0.999997675 0.001920566 -0.000975512 -0.000749751 -0.001919669 0.999997735 0.000919961 -0.000292615 0.000977277 -0.000918087 0.999999106 0.000266847
0.999997854 0.000508968 -0.001995629 -0.000277085 -0.000507918 0.999999762 0.000526538 -0.000007451 0.001995896 -0.000525523 0.999997854 0.000190865
0.999974787 -0.001763014 -0.006876768 0.000138388 0.001772676 0.999997437 0.001399293 0.001042635 0.006874284 -0.001411448 0.999975383 0.000971363
0.999940455 -0.001019706 -0.010865886 -0.003049138 0.001062882 0.999991536 0.003968457 0.000572748 0.010861747 -0.003979770 0.999933064 0.000423111
0.999861300 -0.001778304 -0.016560690 -0.002793880 0.001915847 0.999963760 0.008293224 0.000512586 0.016545342 -0.008323802 0.999828458 0.004103018
0.999630809 -0.001240236 -0.027143255 -0.006941841 0.001554919 0.999931812 0.011575378 0.000646301 0.027127048 -0.011613309 0.999564528 0.007554849
0.999111414 -0.000556428 -0.042144109 -0.007972826 0.001249394 0.999864459 0.016418241 0.000726595 0.042129260 -0.016456306 0.998976648 0.013993126
0.998016059 -0.001594752 -0.062939860 -0.010353113 0.003188356 0.999676645 0.025227167 0.000729014 0.062879272 -0.025377791 0.997698426 0.026276406
0.997994959 0.003642701 -0.063188493 -0.002548728 -0.002425035 0.999810100 0.019336378 0.006698863 0.063246928 -0.019144373 0.997814298 0.045912303
0.999218822 -0.000010051 -0.039519303 -0.004653831 0.001732389 0.999049842 0.043548182 0.011043116 0.039481316 -0.043582626 0.998269379 0.060292371
0.998940527 -0.002580306 -0.045946766 -0.006100741 0.005592975 0.997832835 0.065561436 0.009932679 0.045678027 -0.065748960 0.996790171 0.071306877
0.997721910 0.009666638 -0.066764504 -0.008420814 -0.004783951 0.997327089 0.072909199 0.011818144 0.067290835 -0.072423711 0.995101392 0.086560965
0.996727943 0.017193023 -0.078979708 -0.008125959 -0.010854046 0.996735752 0.079999916 0.013930683 0.080097340 -0.078880906 0.993661046 0.098721124
0.994758546 0.030700885 -0.097534195 -0.009885354 -0.023234515 0.996776879 0.076785386 0.012255007 0.099577203 -0.074116759 0.992265642 0.113111578
0.993638813 0.033092309 -0.107641913 -0.008349933 -0.025294429 0.997009814 0.073018305 0.010002729 0.109736390 -0.069831081 0.991504669 0.125740752
0.992904305 0.034001339 -0.113951527 -0.006682138 -0.025802374 0.997022271 0.072669528 0.010527167 0.116083071 -0.069213666 0.990824997 0.141376659
0.992386580 0.032417685 -0.118819609 -0.013081639 -0.023766587 0.997010827 0.073515996 0.008898327 0.120847642 -0.070132352 0.990190446 0.143997416
0.991193891 0.033034258 -0.128231794 -0.009021289 -0.023413900 0.996846676 0.075818792 0.009130221 0.130332053 -0.072148718 0.988841772 0.164506570
0.992242634 0.028433772 -0.121021010 -0.006165103 -0.019800924 0.997211754 0.071947634 0.009557396 0.122729324 -0.068993181 0.990039051 0.177680984
0.992644966 0.013464398 -0.120311655 -0.006892012 -0.006694498 0.998380363 0.056497708 0.003347411 0.120877497 -0.055276737 0.991127133 0.194877952
0.993266404 0.003723871 -0.115792371 -0.003877439 0.001349926 0.999043345 0.043708805 0.005309106 0.115844354 -0.043570790 0.992311299 0.207301542
0.994628251 -0.012202345 -0.102788709 -0.004496858 0.016725989 0.998923719 0.043262839 0.003457270 0.102150165 -0.044749688 0.993761957 0.226126924
0.994786322 -0.018686390 -0.100253716 -0.004487757 0.023462310 0.998634577 0.046672720 0.003102119 0.099244684 -0.048781570 0.993866563 0.245874956
0.995848775 -0.014587751 -0.089846209 -0.003400499 0.020025421 0.998002172 0.059921086 0.007943974 0.088792615 -0.061471540 0.994151533 0.268452436
0.997117281 -0.009397728 -0.075289622 -0.004611563 0.015676498 0.996405959 0.083243266 0.011099824 0.074236721 -0.084183574 0.993681073 0.292990834
0.997700691 -0.018806452 -0.065111518 -0.001173163 0.024312716 0.996098340 0.084835067 0.011749823 0.063262023 -0.086223044 0.994265318 0.318549782
0.998798668 -0.024005778 -0.042718172 -0.004397072 0.027768079 0.995574474 0.089778706 0.011630952 0.040373914 -0.090857044 0.995045304 0.339916348
0.999380052 -0.013496624 -0.032513522 -0.003887163 0.016348030 0.995889008 0.089093894 0.011395101 0.031177387 -0.089570209 0.995492399 0.355544925
0.999895155 -0.002358536 -0.014282942 -0.002364341 0.003461767 0.996969461 0.077716090 0.009896856 0.014056362 -0.077757403 0.996873260 0.377168834
0.999956548 0.006760092 -0.006404780 -0.003670881 -0.006322841 0.997800171 0.065990761 0.011714895 0.006836794 -0.065947406 0.997799695 0.388791382
0.999938011 0.011129947 0.000290841 0.002275577 -0.011125971 0.997922421 0.063458264 0.014697451 0.000416040 -0.063457564 0.997984469 0.408745080
0.999933720 0.004586110 0.010565963 -0.000016767 -0.005303502 0.997609377 0.068900734 0.015741523 -0.010224717 -0.068952195 0.997567534 0.415531516
0.999992251 0.002736208 -0.002855106 0.003014387 -0.002483077 0.996362388 0.085180119 0.015986213 0.003077789 -0.085172355 0.996361375 0.437043190
0.999894977 0.008632000 -0.011650613 0.006714555 -0.007615143 0.996380210 0.084666103 0.017812716 0.012339275 -0.084568471 0.996341228 0.459320456
0.999858379 0.012547998 -0.011217584 0.006390757 -0.011605667 0.996691048 0.080449946 0.019826854 0.012189951 -0.080308355 0.996695459 0.477096885
0.999662936 0.019143326 -0.017543670 0.005685011 -0.017644035 0.996479571 0.081958190 0.016014960 0.019050863 -0.081621021 0.996481359 0.495698988
0.999613523 0.010688782 -0.025665846 0.007440339 -0.008656627 0.996914029 0.078022555 0.020690234 0.026420604 -0.077770203 0.996621132 0.506450832
0.999688148 -0.005570417 -0.024349399 0.012635301 0.007586322 0.996478975 0.083499081 0.019234357 0.023798533 -0.083657756 0.996210277 0.529511213
0.999733150 -0.001904597 -0.023021076 0.006599679 0.003839203 0.996434093 0.084286772 0.021565733 0.022778459 -0.084352657 0.996175587 0.541600645
0.999284625 -0.000990822 -0.037802774 0.004982421 0.004516965 0.995627046 0.093306512 0.024038283 0.037545022 -0.093410514 0.994919598 0.553878844
0.998034298 -0.008913108 -0.062032040 0.010831401 0.015636554 0.993944883 0.108761191 0.028686155 0.060687043 -0.109517366 0.992130578 0.573478162
0.997446179 -0.017208068 -0.069316521 0.014373407 0.025513966 0.992350698 0.120784566 0.032091901 0.066707842 -0.122244641 0.990255713 0.594122052
0.997197986 -0.010605463 -0.074051164 0.013860047 0.019470278 0.992578268 0.120038211 0.030945227 0.072228514 -0.121143661 0.990003705 0.611866117
0.996288419 -0.002021042 -0.086054258 0.013049062 0.012301048 0.992806315 0.119097963 0.031979732 0.085194513 -0.119714469 0.989146292 0.624477983
0.994936585 0.008731768 -0.100125588 0.015935875 0.003527005 0.992571950 0.121607788 0.032731153 0.100443706 -0.121345162 0.987515271 0.643235028
0.994891346 0.016940553 -0.099519484 0.017239079 -0.004007910 0.991670430 0.128738716 0.031717859 0.100871429 -0.127682194 0.986672282 0.658007443
0.993764341 -0.011070615 -0.110950537 0.021001972 0.025781475 0.990908027 0.132047608 0.033294275 0.108479939 -0.134084627 0.985014439 0.675524294
0.994273543 -0.016316965 -0.105612203 0.028925925 0.031075668 0.989713311 0.139648631 0.037440039 0.102247179 -0.142130896 0.984552801 0.694776654
0.995747030 -0.032569464 -0.086180702 0.035646304 0.045409925 0.987411976 0.151510909 0.038581014 0.080161229 -0.154779986 0.984691501 0.713092923
0.996842742 -0.027237039 -0.074583054 0.036265690 0.038279735 0.987809002 0.150890559 0.035702690 0.069564000 -0.153269172 0.985732973 0.720615268
0.996933460 -0.010330291 -0.077569611 0.043414231 0.020346675 0.991374254 0.129472077 0.032958187 0.075563043 -0.130653277 0.988544345 0.730190992
0.996911705 -0.016782641 -0.076715872 0.045647535 0.026291216 0.991849840 0.124669917 0.033026841 0.073998362 -0.126301855 0.989228010 0.733809292
0.996128500 -0.013822151 -0.086815529 0.048433304 0.024549723 0.992010355 0.123744674 0.032999408 0.084411502 -0.125396878 0.988509119 0.739921987
0.996159077 -0.004449869 -0.087448306 0.049988076 0.014735452 0.992983699 0.117328852 0.031221583 0.086312659 -0.118166775 0.989235461 0.742394149
0.996128500 0.008444052 -0.087502442 0.050331876 0.000684008 0.994601369 0.103766605 0.028113034 0.087906264 -0.103424683 0.990745187 0.745471358
0.996095538 0.002927573 -0.088233277 0.053197831 0.005684901 0.995248497 0.097201057 0.026504107 0.088098615 -0.097323120 0.991346002 0.748484969
0.996339202 0.014674826 -0.084219374 0.053837411 -0.006608493 0.995429695 0.095268533 0.023991745 0.085232504 -0.094363190 0.991882563 0.753096282
0.996224940 0.014091374 -0.085658289 0.053239845 -0.007219118 0.996767402 0.080015182 0.022300735 0.086508922 -0.079094708 0.993106484 0.755562305
0.996403992 0.011621822 -0.083929271 0.057287596 -0.005118235 0.996995389 0.077292114 0.022287637 0.084575400 -0.076584585 0.993469596 0.756765842
0.996823668 0.000372259 -0.079639763 0.057153374 0.006352762 0.996430933 0.084172934 0.020765070 0.079386860 -0.084411487 0.993263543 0.754883885
0.996901035 -0.004308017 -0.078547657 0.058227617 0.011411717 0.995856941 0.090215147 0.022100791 0.077833571 -0.090831921 0.992820024 0.755699098
0.997256577 -0.011623448 -0.073103800 0.060799435 0.018419288 0.995496988 0.092986256 0.023263060 0.071693800 -0.094077662 0.992980003 0.759397626
0.997384608 -0.019190494 -0.069682978 0.056653671 0.025805863 0.995112777 0.095312655 0.025282186 0.067513354 -0.096861571 0.993005455 0.755374968
0.997546434 -0.020980585 -0.066789344 0.059567168 0.026999578 0.995527446 0.090532161 0.026548628 0.064591214 -0.092113324 0.993651390 0.756713927
0.997700453 -0.029842988 -0.060855098 0.060105439 0.035620395 0.994726658 0.096177176 0.030005094 0.057663977 -0.098123685 0.993502259 0.754547477
0.997575939 -0.034450822 -0.060460057 0.061847698 0.040318601 0.994301796 0.098682582 0.029737681 0.056715861 -0.100881018 0.993280590 0.755713224
0.997520506 -0.037729003 -0.059407804 0.062231310 0.043538079 0.994060695 0.099737905 0.033745687 0.055291958 -0.102077082 0.993238747 0.753946602
0.997419834 -0.044328988 -0.056468561 0.062397745 0.050006278 0.993376255 0.103453793 0.031743698 0.051508535 -0.106010608 0.993030012 0.754070520
0.996840358 -0.055304989 -0.057013407 0.064766891 0.060923703 0.992911875 0.102050118 0.030925587 0.050965413 -0.105201140 0.993144214 0.755134821
0.996703804 -0.056142565 -0.058562219 0.065280862 0.061855331 0.992982268 0.100796409 0.030964274 0.052492287 -0.104086533 0.993182123 0.754620790
0.996276915 -0.057720359 -0.064037152 0.064162716 0.063704118 0.993368030 0.095716059 0.030702293 0.058087703 -0.099439099 0.993346751 0.751846910
0.995042741 -0.054293305 -0.083319888 0.064715847 0.062317759 0.993337035 0.096943043 0.030803666 0.077501372 -0.101654783 0.991796315 0.751828134
0.993522704 -0.048681408 -0.102677517 0.063034922 0.059539851 0.992636561 0.105488077 0.027690917 0.096786149 -0.110918194 0.989105463 0.750838637
0.990653157 -0.049540974 -0.127090901 0.062376000 0.062285352 0.993201017 0.098347209 0.027714215 0.121354595 -0.105343856 0.987003386 0.749761224
0.987709522 -0.045827188 -0.149431676 0.062057897 0.060110103 0.993895710 0.092509627 0.028680094 0.144280016 -0.100354977 0.984434962 0.748082399
0.981110275 -0.047343686 -0.187567130 0.061967343 0.063142478 0.994859517 0.079168476 0.028757654 0.182854831 -0.089516453 0.979056120 0.746744692
0.975333214 -0.044130754 -0.216281414 0.058096975 0.060862016 0.995595217 0.071316198 0.029619778 0.212181494 -0.082720377 0.973722935 0.743593156
0.967790604 -0.044409711 -0.247808784 0.057347789 0.062425248 0.995909929 0.065318488 0.028082840 0.243894428 -0.078684144 0.966604531 0.742833257
0.957967520 -0.045377076 -0.283265412 0.057882711 0.062458899 0.996714771 0.051561497 0.028541598 0.279995084 -0.067086667 0.957654536 0.741723239
0.952180028 -0.043298304 -0.302453995 0.056851983 0.059656516 0.997201741 0.045053493 0.030325091 0.299656868 -0.060942385 0.952098668 0.740671217
0.942057073 -0.045475900 -0.332356036 0.056111291 0.061451770 0.997397423 0.037711136 0.029784163 0.329776049 -0.055949889 0.942399800 0.739205658
0.935649097 -0.043755814 -0.350209057 0.056083724 0.058646724 0.997765124 0.032022946 0.030937059 0.348025143 -0.050500847 0.936124086 0.738160372
0.924913883 -0.042902805 -0.377748400 0.055105403 0.054987699 0.998260677 0.021259375 0.030251356 0.376179278 -0.040434599 0.925664186 0.735749185
0.913632929 -0.042161454 -0.404347956 0.054298699 0.052496284 0.998515785 0.014501045 0.031246781 0.403136462 -0.034475397 0.914490223 0.737649500
0.907589853 -0.039211512 -0.418022722 0.053662270 0.047107045 0.998853028 0.008581717 0.031217337 0.417206734 -0.027480498 0.908395946 0.736342609
0.895401597 -0.037889440 -0.443644434 0.051086873 0.043781716 0.999036551 0.003041391 0.030920478 0.443101704 -0.022146780 0.896197736 0.733154416
0.879865468 -0.028304081 -0.474379241 0.049563408 0.033946667 0.999418020 0.003332546 0.032744054 0.474008858 -0.019035786 0.880314171 0.731293082
0.865129173 -0.022944812 -0.501023889 0.051853031 0.028450642 0.999589622 0.003349320 0.032047402 0.500741482 -0.017152047 0.865426838 0.733992577
0.863230169 -0.025327910 -0.504174709 0.052370608 0.031572167 0.999494135 0.003845803 0.032419816 0.503822207 -0.019237703 0.863592982 0.734510422
0.865423799 -0.036895659 -0.499680310 0.056472540 0.043264069 0.999063075 0.001162084 0.031520218 0.499169290 -0.022623900 0.866209149 0.736313760
0.869131505 -0.040046163 -0.492957056 0.056223333 0.046409275 0.998922288 0.000675024 0.032619424 0.492398769 -0.023464467 0.870053351 0.739392459
0.886371970 -0.046872728 -0.460594952 0.060364336 0.057404343 0.998311520 0.008875522 0.035730161 0.459401190 -0.034307159 0.887566090 0.742547512
0.906131744 -0.047216255 -0.420352101 0.061493367 0.060970902 0.997952223 0.019336419 0.033637315 0.418578297 -0.043150589 0.907154977 0.743826866
0.936705112 -0.048102483 -0.346799314 0.068401158 0.063701220 0.997399390 0.033713605 0.032606054 0.344275773 -0.053671233 0.937333226 0.743074238
0.948034942 -0.040516350 -0.315576136 0.067045346 0.053332005 0.998061597 0.032077201 0.051803015 0.313664764 -0.047240611 0.948357999 0.745847344
0.960341752 -0.028258327 -0.277389884 0.063362345 0.044352431 0.997666001 0.051916510 0.042533979 0.275275409 -0.062160507 0.959353685 0.694658577
0.970062256 -0.028287539 -0.241203219 0.066200346 0.040567197 0.998112857 0.046096191 0.044167720 0.239444166 -0.054501120 0.969379187 0.698678374
0.978433490 -0.021774974 -0.205410928 0.060935378 0.034646597 0.997640252 0.059275318 0.009685744 0.203635514 -0.065113746 0.976879120 0.698495388
0.985676646 -0.032115646 -0.165560320 0.093417399 0.041546870 0.997685969 0.053819932 0.018996377 0.163448736 -0.059927564 0.984730005 0.707407653
0.987637401 -0.033234660 -0.153192416 0.094086438 0.042093616 0.997601271 0.054952361 0.018400304 0.150998637 -0.060721427 0.986667216 0.707105398
0.989042878 -0.039180834 -0.142334923 0.093886204 0.047171656 0.997468829 0.053206410 0.016638843 0.139889956 -0.059337594 0.988387585 0.705710351
0.989230454 -0.039446913 -0.140950635 0.093096726 0.047470767 0.997410595 0.054024268 0.015666081 0.138454571 -0.060133483 0.988541424 0.705450177
0.989746869 -0.040904205 -0.136850834 0.093904458 0.048684243 0.997353792 0.053993940 0.017327880 0.134280115 -0.060102805 0.989119112 0.705761969
0.990746677 -0.042176522 -0.129004642 0.094898418 0.049417242 0.997347057 0.053450316 0.015802443 0.126408041 -0.059330776 0.990202487 0.705485523
0.991579294 -0.043941900 -0.121817864 0.094678849 0.050807819 0.997256160 0.053839773 0.017225981 0.119117782 -0.059575707 0.991091073 0.706217110
0.992573500 -0.044858091 -0.113073595 0.094826564 0.051526923 0.997057259 0.056760982 0.016857103 0.110194631 -0.062165778 0.991964042 0.705913186
0.993713260 -0.047650415 -0.101309314 0.095278874 0.053780410 0.996828139 0.058662184 0.018295228 0.098192692 -0.063741840 0.993124008 0.706671298
0.993953645 -0.044665225 -0.100305654 0.095015682 0.050886549 0.996879697 0.060345691 0.018071249 0.097297288 -0.065085024 0.993124902 0.706522822
0.993783176 -0.044241183 -0.102165423 0.093942590 0.050686311 0.996827006 0.061374884 0.018090930 0.099125944 -0.066171713 0.992872298 0.705868840
0.993001640 -0.048325017 -0.107761294 0.093270130 0.055323839 0.996483207 0.062931567 0.018393312 0.104341149 -0.068452910 0.992183030 0.702909231
0.992600858 -0.052642446 -0.109417781 0.092180565 0.059788626 0.996215463 0.063088700 0.018596036 0.105682537 -0.069163837 0.991991699 0.700121105
0.992507875 -0.051030621 -0.111013837 0.088845201 0.058005419 0.996479452 0.060531773 0.017063932 0.107534021 -0.066517659 0.991973758 0.692168653
0.992043912 -0.051603407 -0.114830390 0.087162860 0.057839788 0.996988595 0.051655311 0.016448978 0.111818992 -0.057886098 0.992041230 0.684031308
0.989143789 -0.049136862 -0.138492435 0.083706200 0.057478305 0.996724784 0.056886770 0.015604736 0.135243565 -0.064229503 0.988728404 0.676378489
0.987775981 -0.043681253 -0.149635449 0.077792689 0.052559372 0.997052133 0.055898454 0.013144203 0.146752626 -0.063079894 0.987159848 0.669023633
0.986072183 -0.042214423 -0.160871610 0.073842168 0.051372726 0.997261524 0.053200088 0.012084410 0.158185244 -0.060723536 0.985540509 0.655658960
0.987133503 -0.037521847 -0.155433431 0.067108937 0.045543246 0.997790694 0.048369996 0.009840515 0.153275073 -0.054826595 0.986661434 0.637782335
0.988231659 -0.026226940 -0.150699139 0.061726384 0.032415111 0.998722911 0.038753990 0.005331010 0.149490252 -0.043182846 0.987819850 0.610421002
0.987147272 -0.025919745 -0.157696888 0.059811495 0.031315222 0.999002755 0.031825855 0.001646973 0.156714693 -0.036355119 0.986974597 0.587779462
0.989939809 -0.024526391 -0.139346734 0.061728299 0.028050363 0.999333024 0.023381513 0.001061977 0.138680309 -0.027055012 0.989967585 0.574296713
0.989100516 -0.055405982 -0.136420250 0.060663477 0.057031952 0.998340011 0.008036356 -0.004832580 0.135748520 -0.015729073 0.990618527 0.548734546
0.989253044 -0.067957297 -0.129461139 0.051154278 0.069293462 0.997579217 0.005839471 -0.006478110 0.128750890 -0.014747526 0.991567314 0.515682876
0.990424275 -0.061456658 -0.123623341 0.049985353 0.060771894 0.998108268 -0.009306032 -0.006041100 0.123961374 0.001704089 0.992285609 0.485047787
0.993080556 -0.063930318 -0.098508507 0.051071364 0.062624946 0.997904181 -0.016290236 -0.003515016 0.099343471 0.010008425 0.995002806 0.467081577
0.995743334 -0.055004608 -0.073957354 0.043970872 0.053235196 0.998251617 -0.025688324 -0.004640682 0.075241007 0.021641843 0.996930540 0.426784068
0.996870399 -0.035802953 -0.070482500 0.043439835 0.033543374 0.998892784 -0.032985754 -0.003372599 0.071585447 0.030518305 0.996967494 0.396276265
0.993535638 -0.061752468 -0.095255069 0.052666705 0.057316050 0.997170985 -0.048629783 0.001658695 0.097988583 0.042855777 0.994264364 0.365485996
0.991793215 -0.073753066 -0.104435824 0.050170865 0.070612811 0.996942461 -0.033458497 0.010659553 0.106584176 0.025809415 0.993968606 0.355746746
0.992911756 -0.054009177 -0.105873212 0.047733609 0.050966021 0.998211503 -0.031243239 0.044048399 0.107371300 0.025625858 0.993888617 0.370323539
0.992033124 -0.073172629 -0.102547407 0.020427424 0.075316764 0.997011364 0.017189739 0.048113648 0.100983128 -0.024776321 0.994579613 0.373164058
0.989765346 -0.045534827 -0.135245025 0.027908754 0.053684179 0.996916533 0.057231709 0.056064822 0.132221967 -0.063906476 0.989157975 0.356075734
0.993977606 -0.043837383 -0.100433007 -0.058500893 0.052810445 0.994675040 0.088501021 0.019736383 0.096018568 -0.093271941 0.990999937 0.272697210
0.991486847 -0.059423074 -0.115856156 -0.007577702 0.065710887 0.996522784 0.051227532 0.030596476 0.112409212 -0.058404442 0.991944075 0.287337512
0.992073119 -0.048680894 -0.115848713 0.001131423 0.054008055 0.997601330 0.043296278 0.025737891 0.113463126 -0.049209841 0.992322862 0.252788574
0.994089901 -0.048832707 -0.096956521 0.003517924 0.053692609 0.997395277 0.048163518 0.032879755 0.094352022 -0.053084720 0.994122505 0.234998047
0.993030667 -0.067091994 -0.096894324 0.008918416 0.070642106 0.996932805 0.033681709 0.023957357 0.094337374 -0.040291786 0.994724631 0.213993341
0.993443668 -0.067348443 -0.092378885 0.008288031 0.069057159 0.997493446 0.015423149 0.021100944 0.091108620 -0.021701450 0.995604515 0.191188306
0.992346644 -0.050298095 -0.112774581 0.007786794 0.051093113 0.998685181 0.004168704 0.012844714 0.112416625 -0.009898797 0.993611991 0.169619173
0.991417527 -0.047105521 -0.121951535 0.004294811 0.045522843 0.998839319 -0.015733361 0.007294238 0.122551136 0.010046758 0.992411375 0.152151525
0.992028534 -0.043083485 -0.118419044 -0.001924176 0.040439513 0.998878121 -0.024641283 -0.000870319 0.119347818 0.019656051 0.992657959 0.135876611
0.990761399 -0.043510422 -0.128446817 -0.007524227 0.035622511 0.997372389 -0.063082054 -0.005620716 0.130854025 0.057923675 0.989708006 0.114004709
0.990729153 -0.039835565 -0.129879549 -0.016842164 0.030824201 0.997023404 -0.070669740 -0.011778288 0.132308140 0.066011153 0.989008129 0.095400229
0.991164684 -0.018665127 -0.131316632 -0.022358563 0.006180019 0.995472431 -0.094848640 -0.015461480 0.132492453 0.093199104 0.986792684 0.080441326
0.990197480 0.002760271 -0.139646932 -0.027616717 -0.022610284 0.989785552 -0.140759081 -0.014253285 0.137832001 0.142536774 0.980145812 0.064648725
0.992035806 -0.000292018 -0.125955880 -0.027789606 -0.018797267 0.988455594 -0.150339991 -0.012106536 0.124545708 0.151510283 0.980577767 0.059441544
0.994563103 -0.004114280 -0.104054280 -0.027450811 -0.011491498 0.988780439 -0.148933202 -0.014856772 0.103499606 0.149319232 0.983357310 0.058195718
0.995120406 -0.009626823 -0.098196268 -0.029085513 -0.004736637 0.989420176 -0.145000383 -0.013277434 0.098553285 0.144758001 0.984546840 0.057186414
0.995164752 -0.013285753 -0.097316466 -0.028280728 0.000346951 0.991278529 -0.131782517 -0.011748356 0.098218560 0.131111592 0.986490250 0.059062943
0.994724810 -0.015260959 -0.101438031 -0.028131461 0.002312754 0.991956592 -0.126556620 -0.012632726 0.102553509 0.125654444 0.986759245 0.061265551
0.994228601 -0.012843636 -0.106510811 -0.027790727 -0.001064416 0.991578043 -0.129505530 -0.011447343 0.107277118 0.128871500 0.985841632 0.061942242
0.994310379 -0.015278120 -0.105418950 -0.026397269 0.002111591 0.992293119 -0.123894185 -0.012247298 0.106499366 0.122966722 0.986679912 0.064205214
0.994122326 -0.018210314 -0.106719084 -0.028951084 0.005001384 0.992424190 -0.122755647 -0.011179281 0.108146034 0.121500418 0.986682415 0.063231707
0.992760897 -0.024867101 -0.117503919 -0.028455542 0.011387073 0.993412256 -0.114027187 -0.011901264 0.119565375 0.111863740 0.986504316 0.067018770
0.990558863 -0.027622128 -0.134276137 -0.029161507 0.011869349 0.993092716 -0.116729945 -0.007733275 0.136573002 0.114034146 0.984044731 0.069418423
0.990107834 -0.028382182 -0.137407392 -0.030737733 0.012535594 0.993304253 -0.114845000 -0.007157659 0.139746919 0.111986496 0.983834267 0.076462984
0.989795983 -0.031340476 -0.139001295 -0.026891153 0.021080378 0.996984601 -0.074680574 0.005908873 0.140922680 0.070988350 0.987472296 0.093409479
0.988703728 -0.030496545 -0.146747351 -0.028401408 0.020814110 0.997531176 -0.067069493 0.004310078 0.148430422 0.063257433 0.986897588 0.105526373
0.986372113 -0.032222603 -0.161343411 -0.022358440 0.025114080 0.998629987 -0.045905959 0.002507258 0.162601590 0.041228384 0.985830128 0.133649647
0.988018334 -0.049790133 -0.146083921 -0.015369510 0.045757920 0.998476505 -0.030835737 0.003754731 0.147396654 0.023781773 0.988791466 0.157592162
0.987166762 -0.072664656 -0.142202422 -0.012787895 0.069648162 0.997230530 -0.026082955 0.005151065 0.143703908 0.015844099 0.989493906 0.179284215
0.986134350 -0.087168209 -0.141211346 -0.006260531 0.085957050 0.996190846 -0.014665768 0.004959034 0.141951844 0.002324317 0.989870906 0.206904382
0.986768544 -0.099176235 -0.128265068 -0.004916973 0.099321283 0.995041430 -0.005280744 0.006374076 0.128152773 -0.007528573 0.991725922 0.229996890
0.987082779 -0.101528637 -0.123932846 -0.002642840 0.105127439 0.994196475 0.022835504 0.007542457 0.120895155 -0.035569284 0.992027819 0.257651180
0.986352623 -0.112379089 -0.120329276 -0.007908737 0.118815698 0.991769671 0.047702588 0.012862153 0.113978177 -0.061348584 0.991587281 0.277073503
0.983179986 -0.123478927 -0.134572923 0.002160288 0.133760288 0.988523304 0.070212036 0.020178061 0.124358773 -0.087031588 0.988413095 0.310459703
0.986043334 -0.108866021 -0.125962809 0.000939850 0.119505316 0.989587188 0.080221981 0.022164956 0.115917742 -0.094155580 0.988785982 0.335127234
0.986335397 -0.098480903 -0.132075116 0.009391706 0.109455571 0.990881562 0.078568861 0.025467902 0.123133287 -0.091951624 0.988121092 0.378882170
0.984785497 -0.101654865 -0.140938625 0.018665511 0.110601261 0.992220342 0.057148900 0.023035927 0.134032726 -0.071867399 0.988367498 0.406629920
0.987581253 -0.088026673 -0.130132854 0.024364784 0.093920588 0.994781435 0.039858572 0.024527954 0.125945151 -0.051585738 0.990695119 0.429110289
0.991663098 -0.080575019 -0.100558773 0.027779866 0.084723748 0.995691657 0.037684686 0.022216884 0.097089089 -0.045890234 0.994217157 0.444577008
0.990957677 -0.097742245 -0.091920339 0.033103239 0.102078132 0.993815899 0.043704260 0.020674121 0.087080136 -0.052692138 0.994806826 0.468158662
0.990288615 -0.098173343 -0.098439224 0.037773535 0.103547469 0.993313670 0.051046345 0.018449664 0.092769645 -0.060743757 0.993832946 0.490402699
0.987750649 -0.105836548 -0.114661396 0.045935314 0.111085512 0.992990077 0.040380940 0.020484695 0.109583870 -0.052623533 0.992583454 0.512592971
0.987311065 -0.119228944 -0.104886740 0.051664561 0.124600410 0.991129696 0.046221260 0.019739702 0.098445468 -0.058703698 0.993409455 0.533683121
0.986727595 -0.123566076 -0.105355978 0.055477694 0.129375353 0.990324616 0.050188795 0.021784468 0.098135002 -0.063153133 0.993167281 0.546640575
0.987837195 -0.116155714 -0.103370458 0.054756932 0.122021683 0.991146386 0.052338462 0.018257458 0.096375868 -0.064315319 0.993264914 0.557134867
0.986237049 -0.124260411 -0.109068349 0.059387993 0.130057618 0.990357101 0.047726393 0.016528577 0.102086112 -0.061254717 0.992887795 0.561665535
0.986792088 -0.125852615 -0.101991400 0.061036654 0.130313501 0.990732849 0.038297556 0.011471352 0.096226394 -0.051082592 0.994047761 0.562629342
0.987799823 -0.119275428 -0.100124620 0.059860077 0.123043828 0.991874635 0.032323640 0.009421311 0.095455669 -0.044249002 0.994449615 0.561229706
0.988994002 -0.114452444 -0.093763061 0.059448026 0.117959470 0.992478609 0.032738090 0.012994431 0.089310884 -0.043438032 0.995056093 0.557363868
0.991074324 -0.101748303 -0.086133748 0.055932511 0.105597623 0.993547976 0.041368894 0.019403227 0.081368819 -0.050095163 0.995424330 0.554750562
0.991862714 -0.101991102 -0.076197617 0.052372210 0.105767503 0.993266225 0.047278464 0.023136808 0.070862547 -0.054952972 0.995971203 0.552207530
0.992644191 -0.093906567 -0.076413527 0.038842689 0.098155931 0.993710876 0.053890169 0.025729384 0.070872314 -0.060994223 0.995618761 0.545420349
0.992619157 -0.080820277 -0.090417787 0.025961589 0.086203612 0.994628131 0.057303246 0.026578723 0.085300818 -0.064674631 0.994253874 0.548692703
0.992721379 -0.070104927 -0.097926363 0.009867165 0.075376950 0.995839119 0.051212743 0.026598768 0.093928657 -0.058221370 0.993875086 0.544308662
0.992521524 -0.054290492 -0.109331988 -0.006408546 0.059838969 0.997047424 0.048121989 0.027013285 0.106396616 -0.054304428 0.992839754 0.539868295
0.991844237 -0.048762150 -0.117759235 -0.024043873 0.055398952 0.997016072 0.053757817 0.028687615 0.114786513 -0.059843123 0.991585970 0.536155105
0.989893496 -0.049728930 -0.132807523 -0.039273221 0.060313672 0.995212555 0.076902598 0.030276692 0.128347456 -0.084135480 0.988153875 0.539748192
0.989331603 -0.053081077 -0.135666639 -0.050938636 0.064240701 0.994782805 0.079247229 0.032152392 0.130752325 -0.087117106 0.987580121 0.537396431
0.989319086 -0.052400839 -0.136021897 -0.065520048 0.063986793 0.994555473 0.082250088 0.033385165 0.130971357 -0.090075195 0.987285554 0.533429742
0.987421095 -0.043635081 -0.151971847 -0.079016998 0.056586616 0.995027184 0.081967302 0.033497564 0.147639513 -0.089535825 0.984980166 0.530086577
0.985402763 -0.041433144 -0.165119708 -0.090914540 0.055149164 0.995318711 0.079366356 0.034863118 0.161058366 -0.087314054 0.983075023 0.535470307
0.984511971 -0.032237377 -0.172327876 -0.104795024 0.046629127 0.995693326 0.080128595 0.038471773 0.169002563 -0.086923063 0.981775165 0.523227751
0.983292103 -0.024313057 -0.180403799 -0.112027384 0.039057694 0.996138036 0.078634471 0.037376877 0.177795261 -0.084366798 0.980444372 0.530362129
0.982591331 -0.020194774 -0.184678823 -0.121149749 0.034850251 0.996463478 0.076458141 0.039992064 0.182481706 -0.081563219 0.979820311 0.525515079
0.981841803 -0.017057903 -0.188932687 -0.136489972 0.033152744 0.996051073 0.082358450 0.045368135 0.186781779 -0.087126613 0.978530407 0.516563237
0.978029072 0.012780880 -0.208076239 -0.151983842 0.007719722 0.995213866 0.097415335 0.051922847 0.208325446 -0.096881330 0.973249495 0.510388613
0.970752776 0.034963112 -0.237521470 -0.169278339 -0.009642617 0.994218767 0.106939316 0.051150050 0.239887267 -0.101521321 0.965477884 0.505704463
0.968038023 0.034163006 -0.248465702 -0.173746124 -0.008409731 0.994543731 0.103980795 0.052415740 0.250662297 -0.098567858 0.963043511 0.498841047
0.963560700 0.041046191 -0.264321506 -0.183358163 -0.015655555 0.995116234 0.097459540 0.053704929 0.267030984 -0.089770108 0.959497631 0.490509599
0.961492240 0.060731746 -0.268037826 -0.192087799 -0.031529296 0.993214428 0.111941181 0.059010893 0.273017496 -0.099179551 0.956882834 0.484715849
0.952418089 0.068012558 -0.297109395 -0.210510239 -0.034164190 0.992464483 0.117672004 0.059863579 0.302873760 -0.101922467 0.947564900 0.478954375
0.948456347 0.053918120 -0.312287092 -0.221182644 -0.020465054 0.993783891 0.109427400 0.055536307 0.316246033 -0.097396150 0.943664372 0.474497080
0.947560728 0.052456744 -0.315240949 -0.229996592 -0.020721365 0.994445384 0.103192873 0.052430149 0.318903118 -0.091249302 0.943384469 0.472203135
0.940963209 0.075070433 -0.330079764 -0.251028299 -0.042707402 0.993634999 0.104236960 0.053581379 0.335803926 -0.083986312 0.938180149 0.466071099
0.933858931 0.078185506 -0.348990470 -0.258003473 -0.045333032 0.993818104 0.101342365 0.052389801 0.354756594 -0.078818694 0.931630433 0.465180665
0.927101195 0.079332307 -0.366318941 -0.275620520 -0.045757949 0.993989050 0.099457592 0.051074624 0.372007281 -0.075445265 0.925158679 0.461989343
0.923307776 0.080454096 -0.375539482 -0.287699223 -0.048311427 0.994375348 0.094251804 0.050701328 0.381010234 -0.068880573 0.922001541 0.461535305
0.917766392 0.091739528 -0.386378676 -0.294943690 -0.061891254 0.994104564 0.089023992 0.054323420 0.392267913 -0.057789784 0.918033898 0.456641793
0.905830681 0.108326003 -0.409556061 -0.312971354 -0.076903433 0.992739797 0.092485644 0.053041860 0.416601241 -0.052280076 0.907584786 0.449893594
0.893294394 0.104219541 -0.437222332 -0.324538678 -0.069447510 0.993068516 0.094826058 0.053958520 0.444074452 -0.054343581 0.894340336 0.444867909
0.879959345 0.117292553 -0.460341096 -0.335130841 -0.075344130 0.991232872 0.108537942 0.054642119 0.469035983 -0.060824983 0.881081998 0.442545116
0.872175276 0.114178963 -0.475681990 -0.356854826 -0.065659948 0.990904689 0.117459714 0.056352939 0.484766960 -0.071212202 0.871739447 0.439539433
0.861266255 0.113436438 -0.495330870 -0.360595644 -0.065078147 0.991361141 0.113877177 0.056224972 0.503969550 -0.065843351 0.861208081 0.436270297
0.840924680 0.114586599 -0.528881431 -0.399737686 -0.070888743 0.992228508 0.102261096 0.072989233 0.536488950 -0.048502147 0.842512488 0.423749954
0.827165246 0.113650210 -0.550346434 -0.402597725 -0.070806809 0.992609024 0.098558441 0.074024111 0.557480037 -0.042555846 0.829098880 0.421219677
0.814210713 0.112505861 -0.569564104 -0.408288777 -0.071703762 0.993019938 0.093648076 0.069866978 0.576124549 -0.035409387 0.816594601 0.416435629
0.787738740 0.113975585 -0.605373502 -0.407163143 -0.077186406 0.993251681 0.086564243 0.066232055 0.611154556 -0.021463400 0.791220188 0.412745148
0.771100760 0.123200506 -0.624680042 -0.406804323 -0.083413623 0.992192328 0.092716716 0.062699474 0.631225526 -0.019387100 0.775356889 0.408558965
0.763148069 0.124692507 -0.634079397 -0.409800410 -0.082600318 0.991980910 0.095660470 0.061430126 0.640922904 -0.020627940 0.767328024 0.407477915
0.761775851 0.125640437 -0.635540664 -0.404597402 -0.079455853 0.991727054 0.100817233 0.057830032 0.642949700 -0.026302703 0.765456557 0.407996863
0.762070596 0.125627220 -0.635189831 -0.369245768 -0.075337097 0.991538048 0.105719537 0.045644358 0.643096268 -0.032712381 0.765086412 0.404162318
0.782527089 0.116805278 -0.611561775 -0.371413589 -0.065067247 0.992208242 0.106249757 0.047538187 0.619207144 -0.043350670 0.784030080 0.413083225
0.804731190 0.102786779 -0.584673047 -0.357519627 -0.050420292 0.993171573 0.105204336 0.047017232 0.591494322 -0.055181824 0.804418683 0.421218008
0.826977491 0.087014787 -0.555460811 -0.344235748 -0.034588706 0.993953705 0.104210012 0.048001140 0.561170101 -0.066966668 0.824986935 0.431038320
0.847330451 0.075288460 -0.525702000 -0.327110827 -0.023404999 0.994232118 0.104664683 0.049162865 0.530549884 -0.076381519 0.844205201 0.437497914
0.866929948 0.067376897 -0.493855119 -0.313400805 -0.016014578 0.994075119 0.107509650 0.046887252 0.498172730 -0.085294455 0.862872362 0.443470001
0.885146677 0.064133570 -0.460871041 -0.297948450 -0.018208789 0.994471490 0.103416257 0.045593113 0.464955509 -0.083146662 0.881420970 0.446367443
0.901279092 0.063562758 -0.428550839 -0.284227341 -0.022791484 0.994765341 0.099611379 0.040989503 0.432639033 -0.080010362 0.898009837 0.447598666
0.911135674 0.063245110 -0.407224417 -0.273286641 -0.026720876 0.995140851 0.094766997 0.040880851 0.411239266 -0.075464204 0.908398211 0.448768675
0.928608179 0.048557788 -0.367870867 -0.241690099 -0.018088140 0.996145785 0.085828587 0.040551741 0.370620638 -0.073047027 0.925907314 0.453228116
0.936013401 0.047625393 -0.348727286 -0.237665489 -0.019644421 0.996327579 0.083340317 0.044299424 0.351415664 -0.071157113 0.933511436 0.455403656
0.946117282 0.047063306 -0.320385695 -0.218553454 -0.019094471 0.995768845 0.089887165 0.043019928 0.323260516 -0.078926221 0.943012834 0.458645970
0.952070892 0.029136229 -0.304486871 -0.191695228 -0.003087726 0.996317744 0.085682549 0.042323373 0.305862099 -0.080635674 0.948654950 0.457796007
0.959177077 0.010656679 -0.282605350 -0.167969152 0.009839011 0.997427404 0.071005821 0.037230011 0.282634974 -0.070887715 0.956604600 0.454719871
0.969185233 0.004726564 -0.246287763 -0.149186775 0.011060363 0.997972429 0.062676780 0.038464569 0.246084675 -0.063469440 0.967168033 0.451466978
0.977870882 -0.011591452 -0.208887607 -0.118198782 0.026277943 0.997361362 0.067670718 0.036534064 0.207552075 -0.071662359 0.975595534 0.448713660
0.986687303 -0.011335722 -0.162233114 -0.088901967 0.022963513 0.997283995 0.069978788 0.036676489 0.160999238 -0.072772637 0.984267950 0.445584655
0.992736280 -0.000293610 -0.120310441 -0.060782302 0.009738561 0.996911645 0.077924401 0.036737382 0.119915999 -0.078530036 0.989673316 0.445807487
0.995564818 0.006411509 -0.093859687 -0.050692488 -0.000094756 0.997742772 0.067150250 0.054483365 0.094078362 -0.066843532 0.993318319 0.451000035
0.997947633 0.000694198 -0.064030781 -0.013337511 0.004386894 0.996850729 0.079179138 0.034287237 0.063884117 -0.079297520 0.994801819 0.398493111
0.999850273 0.004305757 -0.016754165 0.013360409 -0.002871537 0.996401906 0.084704757 0.032941096 0.017058603 -0.084643945 0.996265233 0.392487705
0.999783695 0.014471375 0.014937341 0.033914883 -0.015823673 0.995371938 0.094785929 0.029701283 -0.013496518 -0.095001772 0.995385647 0.388732970
0.999217093 0.024821172 0.030805156 0.058775537 -0.027592819 0.995276332 0.093078166 0.028515518 -0.028349340 -0.093855307 0.995182037 0.376417279
0.998727918 0.025240406 0.043650672 0.078164481 -0.029609617 0.994288564 0.102534488 0.029808410 -0.040813357 -0.103696525 0.993771195 0.367733598
0.998449504 0.020274317 0.051839851 0.097945042 -0.026170414 0.992937505 0.115716115 0.031384487 -0.049127653 -0.116893381 0.991928577 0.361193836
0.998397708 0.015566301 0.054401696 0.112289153 -0.021956678 0.992661059 0.118919745 0.035954770 -0.052151293 -0.119923681 0.991412401 0.363311619
0.998517513 0.007183197 0.053953506 0.132038906 -0.014200181 0.991304040 0.130823702 0.037981927 -0.052544586 -0.131395906 0.989936352 0.358630925
0.998406053 0.002448375 0.056384899 0.150656760 -0.010626221 0.989345610 0.145198315 0.037685201 -0.055428661 -0.145566046 0.987794578 0.355968535
0.998333693 -0.003506097 0.057596482 0.161189556 -0.005082554 0.988929808 0.148296714 0.040089853 -0.057478815 -0.148342341 0.987264276 0.352854431
0.997889400 -0.006238622 0.064635865 0.176229075 -0.004230404 0.987014115 0.160577804 0.036492899 -0.064798288 -0.160512313 0.984904528 0.344188571
0.997981489 -0.004861403 0.063318066 0.187185824 -0.005654798 0.986301839 0.164853364 0.037567712 -0.063252136 -0.164878651 0.984283507 0.342761010
0.997877240 -0.003684251 0.065016940 0.209050685 -0.007067370 0.986374497 0.164363608 0.039262123 -0.064736605 -0.164474204 0.984254658 0.338472426
0.997023046 -0.006520436 0.076827273 0.220358461 -0.006487456 0.985790193 0.167856067 0.035255559 -0.076830052 -0.167854786 0.982813179 0.333406210
0.996199250 -0.011104818 0.086391985 0.236745894 -0.003669458 0.985608637 0.169003114 0.035056967 -0.087025456 -0.168677807 0.981821895 0.328111231
0.995549619 -0.015147244 0.093013436 0.253818274 -0.000404134 0.986302733 0.164945036 0.036414102 -0.094237864 -0.164248526 0.981907129 0.321372628
0.995095372 -0.018300245 0.097212672 0.261869371 0.002909536 0.987728119 0.156156600 0.034966603 -0.098877370 -0.155107856 0.982936859 0.316520095
0.995017648 -0.018984871 0.097874559 0.273034900 0.003541268 0.987812877 0.155606091 0.035448387 -0.099635907 -0.154484197 0.982958436 0.308277220
0.994711816 -0.025512489 0.099486716 0.286400914 0.010333978 0.988602459 0.150194719 0.035014726 -0.102184631 -0.148372367 0.983638167 0.302049130
0.993981242 -0.035744946 0.103553802 0.299695253 0.021352544 0.990355253 0.136896566 0.033416800 -0.107448399 -0.133861482 0.985157847 0.297041059
0.992322683 -0.038487155 0.117534809 0.309658140 0.022278871 0.990427673 0.136222765 0.032507431 -0.121652566 -0.132558405 0.983681321 0.286357850
0.990092814 -0.040711701 0.134382948 0.322133929 0.022000937 0.990203261 0.137888774 0.030708542 -0.138680130 -0.133566141 0.981289029 0.279171139
0.988219619 -0.044055410 0.146564111 0.330798477 0.024687834 0.991018176 0.131428570 0.029222239 -0.151037827 -0.126261935 0.980431318 0.273601919
0.984509051 -0.044184271 0.169675410 0.340432405 0.022192791 0.991346419 0.129381925 0.026170373 -0.173923761 -0.123612091 0.976970136 0.260679424
0.979826927 -0.051190369 0.193180352 0.354664594 0.026482124 0.991371155 0.128381416 0.024296582 -0.198085323 -0.120675735 0.972727895 0.252545178
